10
SUP35_Kla_AB039749                     0.0000000 0.6035926 0.6974366 0.6956757 0.6938573 0.6975810 0.6583077 0.6977129 0.7162394 0.6750777 
SUP35_Agos_ATCC_10895_NM_211584        0.6035926 0.0000000 0.7206716 0.7187998 0.7188868 0.7212983 0.7054125 0.7932559 0.7417308 0.7738243 
SUP35_Scer_74-D694_GCA_001578265.1     0.6974366 0.7206716 0.0000000 0.0009893 0.0005063 0.0812941 0.1570054 0.2012585 0.2028569 0.2338899 
SUP35_Sbou_unique28_CM003560           0.6956757 0.7187998 0.0009893 0.0000000 0.0005061 0.0812337 0.1568666 0.2010640 0.2046634 0.2336597 
SUP35_Scer_beer078_CM005938            0.6938573 0.7188868 0.0005063 0.0005061 0.0000000 0.0786055 0.1523630 0.1961494 0.1967270 0.2248511 
SUP35_Spar_A12_Liti                    0.6975810 0.7212983 0.0812941 0.0812337 0.0786055 0.0000000 0.1416449 0.1814967 0.1960914 0.2198336 
SUP35_Smik_IFO1815T_30                 0.6583077 0.7054125 0.1570054 0.1568666 0.1523630 0.1416449 0.0000000 0.1857714 0.2044878 0.2178083 
SUP35_Sarb_H-6_chrXIII_CM001575        0.6977129 0.7932559 0.2012585 0.2010640 0.1961494 0.1814967 0.1857714 0.0000000 0.1973690 0.1813942 
SUP35_Skud_IFO1802T_36                 0.7162394 0.7417308 0.2028569 0.2046634 0.1967270 0.1960914 0.2044878 0.1973690 0.0000000 0.1990522 
SUP35_Seub_CBS12357_chr_II_IV_DF968535 0.6750777 0.7738243 0.2338899 0.2336597 0.2248511 0.2198336 0.2178083 0.1813942 0.1990522 0.0000000 
